1050
1215
1200
750
1000
550
1210
867
1200
900
765
1150
1300
990
514
1228
740
1047
1025
1190
1145
916
1060
945
566
1150
1069
890
650
750
950
950
1265
879
825
950
1150
1050
880
810
1190
1200
920
498
995
1250
1100
1200
990
781
1000
880
695
1300
1280
834
600
510
1280
970
1250
1180
1150
500
1280
1190
1229
1300
780
1300
1050
1100
684
1170
980
1200
1100
1200
930
650
1300
1200
1165
1100
1050
500
950
960
1000
695
1070
1255
1207
1230
600
840
1275
1165
1000
920
1150
1150
1300
920
807
416
1250
500
970
1120
1022
1100
889
1000
570
800
1300
566
900
916
1090
1100
1100
830
550
980
699
1300
928
500
1150
1250
1050
498
1060
1250
1012
1206
1195
1080
1100
835
825
830
1196
1200
1200
566
1250
1290
637
900
726
600
776
1290
860
1105
960
881
1100
566
800
1270
880
566
998
1000
950
1300
1200
1265
1190
1246
980
1100
1300
1100
950
1008
1020
980
780
510
1300
1290
800
693
900
1250
1190
660
870
1021
919
1300
900
1199
1200
1150
820
675
1250
1050
1280
860
1050
1150
790
1220
1300
1200
871
1160
700
500
1150
900
498
950
1055
416
990
1200
1160
1300
1300
1199
705
1000
795
1250
730
650
550
840
1270
1100
1110
1250
1180
1088
750
1270
900
980
1090
1060
1190
500
757
804
850
1200
950
1270
895
1060
1050
1000
925
699
780
1170
1050
800
1200
445
1300
950
726
1190
667
1203
1229
1050
1000
1200
650
1110
800
838
690
450
750
1110
1150
980
880
1229
500
900
918
510
850
1200
1015
500
1300
1100
1028
1050
1265
874
1100
1150
1249
750
1200
808
999
1125
1015
830
899
1002
500
990
990
940
659
770
880
510
980
500
1300
1000
950
1250
794
913
1180
1100
1200
1300
1175
1080
1000
1211
1233
1275
850
699
1245
1300
1290
690
1300
889
849
1160
1170
950
900
1040
950
785
1030
1300
1250
895
1000
785
1150
950
1280
1140
1088
1000
1200
1145
950
900
1150
498
890
1226
1050
984
760
500
1050
1045
550
1220
1000
1100
1100
910
1275
1190
1211
1300
1300
930
954
1040
1008
960
1300
1050
1220
1150
1295
1080
1190
416
500
900
800
1250
699
1000
700
500
840
1100
910
960
730
1280
1090
980
566
635
700
660
935
957
1290
514
635
763
1150
1023
1070
1190
1210
1200
500
1190
1200
900
1200
950
1300
867
1100
600
1200
900
1240
1290
790
1250
900
860
1250
1150
950
1060
1140
1180
830
1286
1250
1195
860
550
1190
794
900
1100
1100
1250
750
500
900
875
1274
500
1250
950
1210
865
517
1210
975
1000
1105
980
1084
500
1100
980
1190
1060
1290
1250
999
1100
840
1230
1180
1050
940
1142
1150
1060
1300
1010
500
500
1080
416
960
950
1200
630
940
990
1000
1200
1150
1090
1000
910
1300
1006
1056
1050
771
1150
1250
1100
566
1150
915
950
777
1000
950
566
1200
1075
630
760
699
950
1035
1300
1100
900
1250
1160
903
1125
1000
1050
699
990
1050
1270
1255
1160
698
760
762
1225
1200
826
788
1000
1200
1020
1160
1180
747
945
565
1175
1080
1290
810
1100
1200
740
1100
1280
1300
1040
1200
1050
890
980
1300
850
800
500
950
1260
915
735
1090
730
1050
1231
1200
566
1200
1280
875
865
1090
890
790
500
1300
1300
1100
900
1200
900
978
1050
1100
1200
1240
815
1250
1190
1295
1100
1280
700
1250
1190
1200
1250
995
794
885
477
1140
684
1300
1150
1190
1050
940
1250
797
1050
1250
1132
920
